2.512085086489013577e+02 4.444852734922861259e+01 1.183472027427146678e+01
2.510560386473430015e+02 3.495672432600903790e+01 8.487439613526570170e+00
2.511258532024310455e+02 3.479894031478884386e+01 8.240112201963533778e+00
2.512268038023998713e+02 3.475971637836995143e+01 8.169378214118747650e+00
2.512407667134174858e+02 3.460441016051114360e+01 8.098036465638148940e+00
2.510127473897459822e+02 3.461095527505064950e+01 7.407900888265544381e+00
2.509367773102696049e+02 3.481527193392550856e+01 7.409817671809256545e+00
2.509887018856163365e+02 3.513171263830450641e+01 7.649664952470002000e+00
2.509924107838553766e+02 3.476242792582203833e+01 7.860417640642044290e+00
2.509927847904004921e+02 3.447955430886707262e+01 7.735187782452859651e+00
2.510171107994389956e+02 3.410090384915068995e+01 7.487657784011219952e+00
2.509949509116409558e+02 3.379940782297023816e+01 7.320430107526881613e+00
2.509432289231728248e+02 3.370261804581580378e+01 6.986286426679133577e+00
2.509606046439145928e+02 3.378360604643914655e+01 7.121723546828736318e+00
2.509562100670094935e+02 3.403593579554308945e+01 7.019495091164094980e+00
2.509787751285647630e+02 3.395271933925510410e+01 7.132039894031478866e+00
2.509252298581891978e+02 3.394645472962443478e+01 7.355929562100669727e+00
2.509604955586722781e+02 3.377804269908056511e+01 7.313479819230169987e+00
2.510354215365435664e+02 3.375931120461275015e+01 7.350724637681159024e+00
2.509408757986598175e+02 3.347182484026803451e+01 7.244008103475144011e+00
2.509670718404238698e+02 3.267872837774660866e+01 6.985678666043322771e+00
2.509419666510830496e+02 3.256763285024154442e+01 6.806965871902757925e+00
2.509267570515817454e+02 3.258706560698145438e+01 6.520336605890602932e+00
2.509962755181549028e+02 3.246029297179367035e+01 6.648916939379772906e+00
2.509952002493376995e+02 3.254004986753935214e+01 6.872323515661523885e+00
2.509786660433224199e+02 3.246651083060620380e+01 6.694280816580956639e+00
2.509498675393486167e+02 3.217570515817359933e+01 6.615194015895277779e+00
2.509290010908524096e+02 3.222761414991428808e+01 6.548683185289076114e+00
2.509823281907433454e+02 3.202650771388499606e+01 6.454869876889512526e+00
2.509459560542309475e+02 3.159599501324606408e+01 6.252314165497896425e+00
2.509589683652797305e+02 3.176306685366994031e+01 6.212295465170640796e+00
2.510034128097241819e+02 3.149368863955119124e+01 6.372697522206638432e+00
2.509705314009661947e+02 3.169897148200093540e+01 6.303412809724170174e+00
2.509912887642200303e+02 3.168661368240610798e+01 6.121240455041296435e+00
2.509556023063736916e+02 3.176961196820944267e+01 6.065840735546204954e+00
2.509716222533894268e+02 3.153671497584540973e+01 6.133878759544958648e+00
2.509417484805984202e+02 3.118228143992519819e+01 5.983278790712170725e+00
2.510091164095371710e+02 3.103909926757051707e+01 5.928471248246844461e+00
2.509786504597163912e+02 3.085860994234065657e+01 6.016409537166900634e+00
2.509676172666355001e+02 3.070892940626460899e+01 6.005890603085553892e+00
2.509764531712638416e+02 3.079601059685210984e+01 5.996711859124201460e+00
2.509073554620539142e+02 3.101788997974131235e+01 6.083247623500078305e+00
2.509321801464859050e+02 3.083319308087891386e+01 6.139161601994701734e+00
2.509492753623188435e+02 3.126107215209599488e+01 5.380613994078229823e+00
2.509383356708742383e+02 3.147207417796478168e+01 5.058625525946704116e+00
2.509308867071840439e+02 3.182415458937198238e+01 4.692551036309802193e+00
2.510144771700171304e+02 3.194112513635655404e+01 4.456100981767180613e+00
2.509790400498675353e+02 3.244969611968209477e+01 4.062583761882499367e+00
2.509318217235468182e+02 3.270850864890135767e+01 3.869658719027583071e+00
2.509492597787127863e+02 3.304235624123422355e+01 3.397257285335826715e+00
2.509147576749259656e+02 3.322030543867850838e+01 3.234580021817048401e+00
2.509435250116877114e+02 3.361249805204924712e+01 3.015817360137135861e+00
2.509503817983481326e+02 3.342502727131058293e+01 3.020741779647810432e+00
2.509606981455508787e+02 3.319760012466884547e+01 3.070001558360604843e+00
2.509252142745831407e+02 3.322230014025245737e+01 3.469876889512232943e+00
2.509856007480130984e+02 3.282706872370266638e+01 3.486005921770297444e+00
2.509301231104877559e+02 3.276951846657316736e+01 3.596384603397225987e+00
2.509160978650459697e+02 3.247916471871591426e+01 3.675159731961976206e+00
2.509467352345332642e+02 3.199703911485117658e+01 3.707791803023219757e+00
2.509313386317593881e+02 3.210465949820788722e+01 3.649789621318372923e+00
2.509098955898394934e+02 3.153976936263051201e+01 3.766261492909459108e+00
2.509853825775284406e+02 3.161957300919432612e+01 3.785756584073554531e+00
2.509555867227676345e+02 3.159079008882655515e+01 3.947966339410939884e+00
2.509706249026024523e+02 3.119961040984883738e+01 4.056989247311827640e+00
2.509760479975066119e+02 3.143205547763752605e+01 4.280473741623811890e+00
2.510032725572697530e+02 3.115055321801465027e+01 4.374832476235000378e+00
2.510206638616175780e+02 3.121223313074645489e+01 4.406560698145550958e+00
2.509836372136512352e+02 3.073651238896680837e+01 4.406062022752064600e+00
2.510246688483715047e+02 3.023981611344865073e+01 4.371949509116409338e+00
2.509603397226118204e+02 2.992988935639706938e+01 4.211111111111111249e+00
2.509488857721676709e+02 3.029784946236559051e+01 4.119541841982234942e+00
2.509139005765934201e+02 3.044941561477325820e+01 4.153108929406264416e+00
2.509169082125604007e+02 3.041879382889200656e+01 4.388795387252610425e+00
2.509466884837151213e+02 3.034165497896213282e+01 4.366947171575502828e+00
2.510041140719962698e+02 3.009280037400654351e+01 4.378307620383356635e+00
2.509512700638927925e+02 2.997001714196665034e+01 4.505781517843228556e+00
2.509553218014648621e+02 2.965030388031790665e+01 4.644023687081190843e+00
2.510224715599189551e+02 2.989769362630512717e+01 4.798332554153031282e+00
2.509911485117656298e+02 3.005772167679601026e+01 4.781362007168458383e+00
2.510278634876110289e+02 3.009343930185444904e+01 4.889294062646095895e+00
2.509800997350787100e+02 3.005680224403927170e+01 4.837073398784478506e+00
2.510131058126850689e+02 2.965427769985974749e+01 4.753825775284401089e+00
2.510156459404706197e+02 2.931229546517064222e+01 4.417889979741311812e+00
2.509539348605267151e+02 2.887035998129967140e+01 4.678775128564749863e+00
2.509469378214118649e+02 2.899599501324606621e+01 4.683715131681471355e+00
2.509180613994078328e+02 2.877247935172198723e+01 4.534611189029141620e+00
2.509732429484182603e+02 2.906222533894343130e+01 4.674240299205235871e+00
2.509330372448184505e+02 2.893132304815334166e+01 4.734237182484026363e+00
2.509716690042075697e+02 2.903794608072307781e+01 4.777995948262428350e+00
2.509469845722300079e+02 2.900356864578463600e+01 4.854729624435094593e+00
2.509597007947639042e+02 2.924947794919744481e+01 4.994265232974909985e+00
2.509314321333956741e+02 2.920475299984416395e+01 4.994374318217235320e+00
2.509855228299828696e+02 2.887168458781361835e+01 5.095028829671186088e+00
2.509757207417796394e+02 2.886267726351877982e+01 4.996010596852111796e+00
2.509335670874240236e+02 2.870007791803023167e+01 5.032725572697522409e+00
2.510005142589995444e+02 2.852544802867383567e+01 4.865980988000623064e+00
2.509843540595293803e+02 2.874104721832632237e+01 4.832787907121708137e+00
2.509504908835904757e+02 2.927932055477637618e+01 5.044335359202118951e+00
2.509048620850864779e+02 2.916267726351877698e+01 5.337431821723546577e+00
2.509541530310113728e+02 2.948161134486520041e+01 5.393002960885148411e+00
2.509555711391616057e+02 2.956015271933925348e+01 5.505204924419510704e+00
2.509564749883122943e+02 2.960246220975533760e+01 5.435374785725416658e+00
2.509682250272713020e+02 2.943931743805516632e+01 5.500997350786971829e+00
2.510184509895589713e+02 2.944802867383512535e+01 5.568474364968053258e+00
2.510060308555399615e+02 2.953708898239052516e+01 5.592987377279102112e+00
2.509688172043010752e+02 2.940102851799906603e+01 5.719463923952002204e+00
2.509371357332086632e+02 2.937882187938289036e+01 5.807885304659498260e+00
2.509865045971637869e+02 2.884751441483559375e+01 5.625899953249182239e+00
2.509328969923640216e+02 2.864522362474676598e+01 5.343634096930029997e+00
2.509223157238585031e+02 2.854723390992675647e+01 5.136372136512388664e+00
2.509470313230481509e+02 2.823308399563659066e+01 5.423001402524544545e+00
2.509685834502103887e+02 2.808843696431354076e+01 5.342231572385849780e+00
2.509694561321489914e+02 2.822808165809568237e+01 5.282577528440080883e+00
2.509950599968832705e+02 2.819730403615396597e+01 5.363736948729935783e+00
2.509539348605267151e+02 2.811383824216923699e+01 5.564266791335515272e+00
2.509942808165809538e+02 2.812072619604176538e+01 5.589044724949353338e+00
2.509516908212560509e+02 2.777028206326944115e+01 5.429889356397070266e+00
2.509572074177964680e+02 2.750451924575346752e+01 5.006529530933457650e+00
2.509004051737572070e+02 2.748991740688795460e+01 4.729312762973352235e+00
2.508959326788218789e+02 2.749650927224559638e+01 4.928019323671497531e+00
2.508565061555243858e+02 2.744101605111422870e+01 5.026850553218014994e+00
2.509786972105345058e+02 2.771841982234689183e+01 5.160433224248090589e+00
2.509990494000311685e+02 2.807017297802711653e+01 5.528190743338008417e+00
2.509852267414679829e+02 2.882840891382265980e+01 6.102259622876733403e+00
2.509410316347202752e+02 2.903900576593423821e+01 6.421645628798503758e+00
2.508549633785257811e+02 2.892226897304036015e+01 6.510020258687860384e+00
2.508562568178276422e+02 2.870617110799438976e+01 6.540158952781673918e+00
2.508528128408913744e+02 2.869721053451768711e+01 6.387408446314477573e+00
2.508758921614461599e+02 2.825172198846813032e+01 6.312809724170173276e+00
2.508261960417640637e+02 2.788561633161913633e+01 6.542714664173289840e+00
2.507848527349228505e+02 2.701517843228923255e+01 6.651581736013713275e+00
2.508281128253077839e+02 2.617969456132149020e+01 6.803303724481844839e+00
2.508278946548231261e+02 2.544960261804581592e+01 6.861414991429017007e+00
2.508930808789153843e+02 2.515155056880162121e+01 6.862708430730871001e+00
2.508704067321178002e+02 2.534463144771700271e+01 6.636995480754246834e+00
2.508440081034751472e+02 2.584896369019791251e+01 6.626273959794296786e+00
2.508276609007324396e+02 2.621558360604644022e+01 6.604503662147420684e+00
2.508311516284868219e+02 2.617752844008103352e+01 6.688452547919588653e+00
2.508559295621006697e+02 2.645387252610253981e+01 6.728705002337540542e+00
2.507768115942029112e+02 2.656671341748480586e+01 6.696431354215365062e+00
2.508358578775128649e+02 2.635541530310113600e+01 6.655695808009973291e+00
2.508157394421069171e+02 2.579535608539816138e+01 6.561726663549945826e+00
2.508495247000155928e+02 2.516674458469690023e+01 6.464329125759700645e+00
2.508443041919900338e+02 2.452396758609942395e+01 6.183107371045659661e+00
2.508254168614617470e+02 2.468034907277543866e+01 6.042184821567710529e+00
2.508672744273024762e+02 2.441827956989247284e+01 5.942745831385382260e+00
2.508873305282842523e+02 2.376090073242948364e+01 5.927910238429172196e+00
2.508519557425588289e+02 2.364519245753467303e+01 6.035546205391927543e+00
2.508249337696742884e+02 2.324935328034907300e+01 6.229780271154745641e+00
2.508618669160043737e+02 2.315346735234533426e+01 6.361788997974131554e+00
2.507909926757051551e+02 2.269392239364188768e+01 6.466760168302945644e+00
2.508332709989091427e+02 2.284145239208352862e+01 6.605469845722300448e+00
2.508648589683652688e+02 2.320378681626928596e+01 6.587688951223313438e+00
2.508283777466105562e+02 2.321840423874084536e+01 6.429250428549166507e+00
2.507712794140564085e+02 2.304221598877980526e+01 6.635546205391928076e+00
2.508011531868474435e+02 2.278748636434470853e+01 7.012264297958547665e+00
2.506677886863020035e+02 2.229597942964002044e+01 7.325728533582671176e+00
2.506376967430263392e+02 2.214844943119837950e+01 7.241873149446782065e+00
2.506671497584541157e+02 2.167826086956521792e+01 7.076827177808945102e+00
2.506746454729624531e+02 2.174936886395511948e+01 7.006342527660900821e+00
2.508089294062646104e+02 2.208334112513635716e+01 6.695605423094904474e+00
2.507938288920056209e+02 2.277639083683964571e+01 6.385912420134019385e+00
2.508827489481065811e+02 2.317188717469222325e+01 6.290587501947951132e+00
2.508995636590306901e+02 2.331307464547296249e+01 6.350771388499298453e+00
2.508355929562100641e+02 2.351884057971014386e+01 6.733738507090540892e+00
2.508824840268038088e+02 2.330417640642044574e+01 6.976125915536854905e+00
2.508477481689263016e+02 2.296217858812529045e+01 6.928190743338008772e+00
2.508600748013090254e+02 2.288793828892005777e+01 6.463331774972728816e+00
2.508462365591397827e+02 2.306152407667134341e+01 6.072681938600592133e+00
2.508421069035374842e+02 2.311037868162692988e+01 5.977123266323827622e+00
2.508606202275206556e+02 2.317709209911173573e+01 6.052921926133707053e+00
2.508685211157861943e+02 2.293803958235935880e+01 6.207448963690198163e+00
2.508456911329281525e+02 2.294357176250584374e+01 6.270001558360604577e+00
2.508878136200716824e+02 2.308337229234845012e+01 6.388156459404706666e+00
2.508413121396291103e+02 2.346306685366993960e+01 6.553046594982078865e+00
2.508522206638616296e+02 2.362560386473429830e+01 6.824918186068256176e+00
2.508282998285803274e+02 2.388637992831541368e+01 7.030699703911484910e+00
2.508635499454573790e+02 2.393735390369331384e+01 7.147000155836060742e+00
2.507979429640018623e+02 2.398921614461586316e+01 7.252672588436964496e+00
2.508461586411095539e+02 2.385592956210066973e+01 7.292504285491662408e+00
2.508090852423250681e+02 2.396446937821411893e+01 7.445815801776531018e+00
2.508325697366370548e+02 2.387141966651083180e+01 7.594000311672121306e+00
2.507768739286270829e+02 2.339407822970235173e+01 7.835328034907277583e+00
2.507977247935172329e+02 2.298052049244195061e+01 7.800374006545114369e+00
2.507976001246688611e+02 2.261601994701574014e+01 7.598363721365124057e+00
2.508348761103319191e+02 2.264774816892628806e+01 7.567336761726663141e+00
2.508663082437275875e+02 2.279247311827957034e+01 7.613962911017609692e+00
2.507929250428549039e+02 2.260333489169393673e+01 7.586083839800529915e+00
2.508431354215365445e+02 2.268363721365123808e+01 7.803615396602773480e+00
2.508510363098020832e+02 2.270561009817671660e+01 7.669861305906186644e+00
2.507990649836372086e+02 2.258810970858656830e+01 7.939831697054698267e+00
2.508352189496649487e+02 2.251774972728689406e+01 7.961804581580177675e+00
2.508099423406576420e+02 2.238912264297958643e+01 7.979008882655446833e+00
2.508041764064204528e+02 2.247003272557269682e+01 7.697444288608384255e+00
2.507932522985819048e+02 2.224556646407978633e+01 7.583325541530309799e+00
2.508788686302010262e+02 2.215857877512856433e+01 7.552547919588592507e+00
2.509049088359046209e+02 2.241179678977715284e+01 7.386863020102851785e+00
2.508405173757207365e+02 2.262147420913199269e+01 7.449150693470468987e+00
2.508812685055321765e+02 2.277014181081502286e+01 7.849228611500700836e+00
2.508482935951379034e+02 2.241114227832320438e+01 8.055056880162069888e+00
2.507977871279414046e+02 2.244949353280349058e+01 8.106389278479040783e+00
2.508783232039893960e+02 2.258552282998285676e+01 7.881860682561945275e+00
2.508727131058126929e+02 2.279311204612747233e+01 7.681190587501948386e+00
2.508574411718871886e+02 2.316169549633785252e+01 7.636699392239363782e+00
2.508529375097397462e+02 2.288959015116097717e+01 7.932164562879850500e+00
2.509172510518934018e+02 2.284014336917562815e+01 8.106171107994390113e+00
2.508534206015272048e+02 2.490861773414368230e+01 9.208804737416238950e+00
2.508462053919276968e+02 2.462733364500545363e+01 9.749026024622096998e+00
2.508246844319775732e+02 2.402946859903381593e+01 1.001985351410316305e+01
2.508277076515505826e+02 2.390229079008882707e+01 1.019463923952002560e+01
2.508825931120461235e+02 2.392384291725105072e+01 9.900810347514415355e+00
2.508072152095994909e+02 2.401067477014181151e+01 9.547483247623500091e+00
2.508784946236559108e+02 2.392164562879850465e+01 9.523796166432912713e+00
2.508911173445535212e+02 2.379379772479351729e+01 9.715396602773882506e+00
2.508492753623188491e+02 2.382226897304036228e+01 9.718996415770609687e+00
2.508352657004830917e+02 2.354020570359981335e+01 9.691600436340969793e+00
2.508352657004830917e+02 2.321492909459248821e+01 9.642418575658407320e+00
2.509141810815022495e+02 2.324329125759700787e+01 9.402664796633940725e+00
2.508577060931899609e+02 2.358542932834657790e+01 8.791958859280036620e+00
2.508707495714508298e+02 2.385617889979741335e+01 8.547420913199314185e+00
2.509068879538725128e+02 2.408505532180146602e+01 8.379351721988468782e+00
2.508745363877201271e+02 2.413501636278634876e+01 8.339426523297490235e+00
2.508620695028829743e+02 2.395673990961508437e+01 8.394685990338164316e+00
2.508750662303257002e+02 2.400695028829671074e+01 8.557176250584385357e+00
2.508966806919121098e+02 2.401203054386785141e+01 8.713682406108773648e+00
2.508591553685522797e+02 2.383222689730403587e+01 8.903350475299983913e+00
2.508643291257596957e+02 2.593224248091008377e+01 9.352220663861617211e+00
2.508926445379460688e+02 2.576587190275829897e+01 9.327598566308243022e+00
2.508896836527972596e+02 2.567782452859591658e+01 9.518637992831541439e+00
2.508531089294062610e+02 2.554924419510674838e+01 9.666386161757831275e+00
2.509034439769362734e+02 2.577587657784011199e+01 9.661742247155991947e+00
2.509187314944678064e+02 2.542593112046127501e+01 1.002071061243571748e+01
2.509073087112357712e+02 2.509792738039582360e+01 1.028775128564749863e+01
2.508276920679445254e+02 2.494045504129655555e+01 1.083872526102540057e+01
2.508144460028050560e+02 2.489395356085397992e+01 1.144679756895745726e+01
2.507943587346111940e+02 2.450264921302789389e+01 1.198898239052516779e+01
2.507253856942496384e+02 2.439429640018700240e+01 1.241960417640641978e+01
2.507713729156926945e+02 2.409197444288608381e+01 1.220894498987065546e+01
2.508335047529998576e+02 2.407127941405641280e+01 1.179915848527349276e+01
2.508272245597631240e+02 2.426164874551971451e+01 1.096292660121552132e+01
2.508086489013557809e+02 2.477936730559451561e+01 1.067575190899174054e+01
2.508437899329904894e+02 2.453760324139005888e+01 1.071899641577060969e+01
2.508696898862396836e+02 2.461156303568645853e+01 1.080691912108461850e+01
2.508210846189808194e+02 2.443727598566308146e+01 1.131670562568178262e+01
2.507914134330684135e+02 2.403503194639239382e+01 1.176004363409692921e+01
2.506912108461898185e+02 2.357939847280660572e+01 1.226792893875642854e+01
2.506821411874707906e+02 2.320409848839021194e+01 1.274508337229234911e+01
2.506796945613214973e+02 2.318407355462053943e+01 1.245525946704067266e+01
2.507784011220196305e+02 2.325769050958391659e+01 1.171536543556178955e+01
2.508368552282998394e+02 2.372245597631291858e+01 1.075304659498207904e+01
2.509265388810970876e+02 2.400570359981299617e+01 1.013210222845566477e+01
2.508653732273648131e+02 2.411020726196041863e+01 1.010857098332554216e+01
2.508678977715443352e+02 2.401778089449898701e+01 1.010054542621162454e+01
2.508102228455664715e+02 2.361874707807386642e+01 1.087299361072152060e+01
2.507449898706560703e+02 2.326072931276297240e+01 1.149942340657628215e+01
2.507230949041608312e+02 2.295705158173601390e+01 1.174120305438678535e+01
2.507361072152095858e+02 2.296819386005921615e+01 1.165254791958859215e+01
2.507842917251051915e+02 2.302946859903381593e+01 1.129357955430886662e+01
2.507901044101605237e+02 2.309367305594514619e+01 1.079117967897771457e+01
2.507949820788530531e+02 2.324132772323515539e+01 1.029577684276141447e+01
2.508431977559607162e+02 2.321079943899018261e+01 9.948729936107215011e+00
2.508404706249025935e+02 2.301218637992831617e+01 1.031876266167991218e+01
2.507869409381330854e+02 2.269778712794140674e+01 1.114843384759233302e+01
2.506264609630668474e+02 2.253869409381330868e+01 1.218645784634564500e+01
2.504442262739597993e+02 2.213208664484961830e+01 1.319822346891070630e+01
2.503304036153965910e+02 2.189767804269908069e+01 1.378750194795075501e+01
2.504383045036621525e+02 2.151270063892784634e+01 1.351566152407667154e+01
2.505977247935172159e+02 2.170084151472650902e+01 1.253400342839332993e+01
2.507093657472339032e+02 2.028519557425588360e+01 1.099573009194327611e+01
2.507488078541374534e+02 1.867995948262428030e+01 9.927754402368707431e+00
2.507697522206638610e+02 1.886732117812061560e+01 9.905952937509740153e+00
2.507965560230637436e+02 1.900604643914601866e+01 1.031036309802088269e+01
2.506702041452392109e+02 2.060430107526881827e+01 1.160581268505532115e+01
2.505470313230481452e+02 2.056699392239364244e+01 1.282027427146641685e+01
2.504789932990493924e+02 2.022292348449431287e+01 1.314643914601838937e+01
2.504009505999688372e+02 1.989993766557581267e+01 1.327515973196197585e+01
2.503998597475455767e+02 1.957924263674614451e+01 1.283532803490727758e+01
2.504549477949197467e+02 1.961053451768739109e+01 1.226026180458157988e+01
2.504901511609786553e+02 1.787634408602150415e+01 1.127380395823593595e+01
2.504942808165809538e+02 1.643180613994078243e+01 1.091115786192925086e+01
2.504798971482000809e+02 1.644712482468443326e+01 1.110405173757207464e+01
2.504522050802555668e+02 1.634559763129188070e+01 1.117484805984104668e+01
2.504441171887174562e+02 1.636233442418575734e+01 1.135792426367461516e+01
2.503660900732429582e+02 1.633124513012311141e+01 1.183839800529842634e+01
2.502594826242792578e+02 1.608422939068100277e+01 1.221178120617110885e+01
2.502535296867695251e+02 1.624617422471559891e+01 1.237539348605267264e+01
2.502145239208352905e+02 1.625636590306996965e+01 1.250196353436185071e+01
2.501529686769518435e+02 1.458379304971170320e+01 1.220910082593112023e+01
2.501053451768739251e+02 1.321531868474365012e+01 1.147266635499454601e+01
2.500895278167367906e+02 1.302150537634408600e+01 1.168225027271310523e+01
2.499550724637681185e+02 1.299973507869720990e+01 1.183640330372448268e+01
2.498133551503817955e+02 1.176379928315412116e+01 1.163693314633006004e+01
2.496568022440392838e+02 1.171150070126227227e+01 1.180645161290322598e+01
2.497357176250584416e+02 1.182512077294686037e+01 1.199638460339722634e+01
2.498925354527037541e+02 1.034455352968677033e+01 1.105419978182951546e+01
2.499729624435094308e+02 9.035546205391927543e+00 9.827972572853358457e+00
2.501289699236403408e+02 8.341857565840735234e+00 9.031977559607293315e+00
2.501307308711235748e+02 8.277637525323360279e+00 8.742901667445847735e+00
2.501276609007324225e+02 8.240704378993299883e+00 8.987143525011687117e+00
2.500280349072775437e+02 9.803615396602774368e+00 9.825167523764999800e+00
2.500126227208976104e+02 1.053683964469378154e+01 1.049859747545582067e+01
2.499758609942340684e+02 1.241125136356552972e+01 1.141142278323203918e+01
2.500757051581736050e+02 1.250889823905251674e+01 1.128714352501168783e+01
2.501877668692535508e+02 1.243914601838865508e+01 1.072128720585943640e+01
2.503148200093501714e+02 1.228106591865357622e+01 1.003886551347981992e+01
2.504223157238585031e+02 1.221118902914134274e+01 9.523983169705470431e+00
2.504477325853202387e+02 1.216467196509272242e+01 9.244802867383512535e+00
2.504526414212248824e+02 1.217698301386940862e+01 9.012949976624591741e+00
2.504859435873460995e+02 1.334598722144304261e+01 9.533489169393797980e+00
2.504832164562879768e+02 1.451173445535296835e+01 9.870920991117344556e+00
2.505241390057659316e+02 1.589320554776375261e+01 1.020232195730091895e+01
2.505670562568178354e+02 1.605376344086021589e+01 9.627879071217080309e+00
2.506772011843540611e+02 1.610930341280972300e+01 8.892161446158640459e+00
2.507725261025401267e+02 1.642663238273336290e+01 8.334408602150537249e+00
2.508136824061087680e+02 1.816467196509272242e+01 8.303412809724170174e+00
2.508582359357955340e+02 1.987032881408757845e+01 8.563175938912264584e+00
2.508408913822658519e+02 2.175010129343930032e+01 9.374115630356865125e+00
2.507410004675081723e+02 2.160548542932834692e+01 1.022921926133707338e+01
2.506721988468131599e+02 2.345111422783232058e+01 1.108041140719962669e+01
2.506577995948262298e+02 2.321136044880785576e+01 1.148871746922237769e+01
2.506708898239052417e+02 2.301940158952781701e+01 1.150696587190275899e+01
2.507496337852579131e+02 2.291430575035063200e+01 1.134494311983793047e+01
2.507528595917095231e+02 2.303517219884681211e+01 1.099950132460651453e+01
2.508082437275985797e+02 2.302780115318684651e+01 1.076044880785413760e+01
2.507788062957768318e+02 2.319005765934237218e+01 1.095611656537322709e+01
2.507208508648901386e+02 2.299705469845722305e+01 1.168270219728845305e+01
2.506660277388187694e+02 2.296951846657316665e+01 1.251288764220040584e+01
2.506193548387096826e+02 2.270874240299205127e+01 1.333026336294218517e+01
2.505086177341436837e+02 2.242714664173289663e+01 1.389714820009350227e+01
2.504120305438678429e+02 2.230096618357487870e+01 1.379429640018700276e+01
2.505211625370110653e+02 2.241544335359202123e+01 1.333864734299516996e+01
2.506035686457846339e+02 2.231056568489948688e+01 1.288494623655913962e+01
2.506307620383356607e+02 1.909075892161446220e+01 1.157308711235779874e+01
2.506814087579865884e+02 1.904771700171419724e+01 1.137307152875175298e+01
2.506602462209755231e+02 1.902268973040361644e+01 1.159378214118747152e+01
2.505886551347981879e+02 1.906814710924107814e+01 1.186127473897459872e+01
2.505834969611968290e+02 1.891938600592176911e+01 1.194012778556958132e+01
2.505478105033504619e+02 1.890511142278323220e+01 1.205178432289231694e+01
2.505646096306685422e+02 1.897367928938756521e+01 1.199275362318840621e+01
2.506083839800529915e+02 1.902320398940314661e+01 1.200062334424185728e+01
2.506219573009194335e+02 1.888876422004051747e+01 1.157905563347358502e+01
2.506418263986286377e+02 1.899708586566931601e+01 1.144305750350631179e+01
2.506944989870656002e+02 1.901776531089294053e+01 1.160221287205859397e+01
2.506704378993298974e+02 1.887682717780894492e+01 1.171584852734922855e+01
2.505722923484494231e+02 1.894684431977559669e+01 1.186515505688016248e+01
2.506271622253389353e+02 1.890222845566464116e+01 1.229290945924886991e+01
2.505930652953093443e+02 1.882406108773570352e+01 1.235928003740065506e+01
2.505609007324294737e+02 1.874692223780582978e+01 1.240800997350786972e+01
2.506217547140408328e+02 1.873182172354682962e+01 1.217400654511453872e+01
2.506582203521894883e+02 1.872628954340034113e+01 1.170737104565996489e+01
2.507421380707495757e+02 1.899677419354838648e+01 1.114366526414212188e+01
2.507675705158173685e+02 1.894985195574255954e+01 1.110961508493065253e+01
2.506953405017921170e+02 1.902544802867383567e+01 1.154333800841514801e+01
2.506348449431198446e+02 1.867294685990338010e+01 1.228901355773725967e+01
2.505414679756895850e+02 1.877071840423874249e+01 1.295524388343462618e+01
2.505352345332709945e+02 1.864500545426211531e+01 1.309507558048932552e+01
2.504916783543712029e+02 1.843020102851799891e+01 1.300162069502883000e+01
2.504684743649680456e+02 1.817882187938288752e+01 1.250754246532647684e+01
2.505710768271778193e+02 1.810635811126694605e+01 1.187600124668848345e+01
2.506021505376344010e+02 1.819273803958235902e+01 1.146032413900576508e+01
2.506262116253701038e+02 1.831125136356552829e+01 1.146934704690665363e+01
2.506266947171575623e+02 1.800210378681627077e+01 1.143794608072307994e+01
2.505866604332242389e+02 1.811793673055945320e+01 1.144285491662770760e+01
2.505245597631291901e+02 1.801372915692691379e+01 1.205630356864578445e+01
2.504770297646875576e+02 1.796527972572853216e+01 1.254442886083839781e+01
2.504789309646252207e+02 1.783833567087424044e+01 1.274354059529375149e+01
2.505112201963534346e+02 1.777099890914757552e+01 1.276875486987689001e+01
2.505391148511765493e+02 1.756383045036621482e+01 1.252561944834034513e+01
2.506275673990961650e+02 1.784770141810815147e+01 1.197651550568801682e+01
2.507289387564282492e+02 1.785021037868162708e+01 1.160716845878136283e+01
2.507497584541062849e+02 1.786584073554620389e+01 1.133688639551192168e+01
2.507200716845878219e+02 1.799521583294374238e+01 1.141983793049711693e+01
2.506672120928782874e+02 1.786959638460339761e+01 1.185789309646252221e+01
2.505369019791179710e+02 1.791608228143992676e+01 1.286041764064204429e+01
2.503909770920991207e+02 1.768692535452703751e+01 1.362882967118591182e+01
2.503398940314788774e+02 1.756167991273180462e+01 1.414843384759233302e+01
2.503415303101137681e+02 1.751407199625993627e+01 1.447138849929873849e+01
2.503800374006545155e+02 1.756178899797412996e+01 1.407371045659965780e+01
2.504171731338631730e+02 1.635031946392395241e+01 1.279764687548698809e+01
2.504002805049088352e+02 1.387963222689730358e+01 1.162558828112825360e+01
2.503655290634252708e+02 1.256978338787595462e+01 1.142641421224871401e+01
2.503695496337852546e+02 1.282370266479663456e+01 1.198482156771076745e+01
2.502521739130434923e+02 1.393595137914913451e+01 1.299619760012466863e+01
2.501002960885148809e+02 1.400137135733208638e+01 1.389099267570515828e+01
2.499778868630201032e+02 1.407120149602618042e+01 1.462647654667290098e+01
2.499950911640953848e+02 1.411002025868786092e+01 1.459468599033816361e+01
2.500395356085398078e+02 1.395045971637837035e+01 1.426479663394109387e+01
2.500890914757675034e+02 1.292244039270687317e+01 1.364408602150537675e+01
2.502168458781362119e+02 1.311609786504597253e+01 1.335867227676484426e+01
2.502942028985507363e+02 1.226055789309646293e+01 1.280676328502415373e+01
2.503106280193236728e+02 1.237748168926289516e+01 1.296644849618201611e+01
2.502501168770453432e+02 1.245418419822346934e+01 1.344100046750818223e+01
2.502078385538413556e+02 1.244647031323048125e+01 1.385926445379460858e+01
2.502002649213027894e+02 1.261410316347202709e+01 1.387660900732429425e+01
2.502560853981611331e+02 1.250786972105345107e+01 1.360637369487299431e+01
2.503408602150537661e+02 1.233358267103007577e+01 1.306983013869409405e+01
2.504264453794608016e+02 1.228549166277076488e+01 1.245714508337229276e+01
2.504791958859279930e+02 1.218832787907121684e+01 1.211315256350319380e+01
2.505283933302166020e+02 1.216412653888109752e+01 1.193294374318217166e+01
2.505389122642979487e+02 1.215522829982858077e+01 1.220757363253856909e+01
2.505223313074645546e+02 1.223450210378681646e+01 1.259859747545582032e+01
2.505166277076515371e+02 1.341298114383668327e+01 1.384238740844631366e+01
2.505423562412342164e+02 1.495596072931276233e+01 1.488683185289075972e+01
2.506003428393330239e+02 1.519443665264142140e+01 1.542240922549478022e+01
2.505920679445223698e+02 1.499691444600280477e+01 1.512315723858500860e+01
2.506159264453794719e+02 1.485959170952158281e+01 1.484472494935327980e+01
2.505886707184042450e+02 1.464210690353747779e+01 1.462110020258687904e+01
2.505904940003116792e+02 1.453944210690353778e+01 1.425410628019323589e+01
2.506201028517999134e+02 1.453563970702820640e+01 1.395602306373694823e+01
2.506706249026024693e+02 1.456038647342995240e+01 1.387173133863175956e+01
2.506605423094904097e+02 1.449808321645628872e+01 1.393606046439145985e+01
2.506654199781829391e+02 1.454851176562256576e+01 1.407631291880941227e+01
2.506011376032413978e+02 1.554527037556490576e+01 1.477827645317126404e+01
2.504878915381019056e+02 1.536517064048620895e+01 1.522502727131058187e+01
2.504661212404550383e+02 1.652663238273336432e+01 1.586259934548854567e+01
2.504336761726663667e+02 1.642800374006545283e+01 1.560967741935483843e+01
2.504992519869097691e+02 1.617478572541686077e+01 1.489135109864422546e+01
2.506134486520180644e+02 1.602709989091475862e+01 1.409205236091631619e+01
2.506197755960729410e+02 1.594389901823281974e+01 1.364453794608072279e+01
2.506143213339566671e+02 1.468965248558516379e+01 1.309088359046283223e+01
2.505632382733364523e+02 1.476758609942340605e+01 1.313327099890914695e+01
2.505182639862864278e+02 1.480624902602462178e+01 1.375448028673835132e+01
2.504566308243727519e+02 1.595404394576905105e+01 1.474480286738351253e+01
2.503961820165186225e+02 1.599125759700794802e+01 1.493504752999844243e+01
2.503921302789465528e+02 1.584070437899329953e+01 1.528637992831541226e+01
2.503629889356397200e+02 1.577738818762661666e+01 1.536989247311827889e+01
2.503880785413744832e+02 1.576638616175783092e+01 1.528719027582982726e+01
2.504143680847748215e+02 1.457054698457223019e+01 1.461084618980832239e+01
2.504881564594047063e+02 1.462786348761103383e+01 1.425653732273648089e+01
2.504852734922861259e+02 1.343764999220819689e+01 1.375030388031790629e+01
2.504484961820165267e+02 1.366143057503506242e+01 1.423436185133239817e+01
2.503527972572853457e+02 1.374767025089605710e+01 1.491803023219572921e+01
2.501730871123577913e+02 1.368840579710144922e+01 1.575602306373694894e+01
2.499925198690977197e+02 1.353981611344865144e+01 1.596239675860994289e+01
2.499286582515194084e+02 1.335443353592021154e+01 1.584696898862396708e+01
2.499459716378370047e+02 1.316870811905875094e+01 1.539183419043166623e+01
2.500494311983792954e+02 1.320543867851020714e+01 1.468821879382889151e+01
2.501663549945457419e+02 1.222192613370734016e+01 1.390766713417484723e+01
2.502613838242169209e+02 1.206074489636901959e+01 1.373933302166121173e+01
2.501763285024154584e+02 1.228849929873772773e+01 1.442658563191522525e+01
2.500165965404394512e+02 1.249459248870188510e+01 1.533023219573009222e+01
2.497099423406576193e+02 1.259985974754558136e+01 1.644887018856163152e+01
2.494283154121863788e+02 1.284330684120305399e+01 1.712303256973663679e+01
2.494083839800529745e+02 1.275842293906810099e+01 1.724114071996259767e+01
2.495422783232039876e+02 1.281951067477014128e+01 1.679283154121863930e+01
2.496817360137135609e+02 1.258281128253077696e+01 1.635331151628486879e+01
2.497794919744428910e+02 1.172917251051893395e+01 1.542437275985663092e+01
2.498518310737104571e+02 1.168700327255726990e+01 1.536856786660433194e+01
2.498621162537011173e+02 1.172953093345800291e+01 1.555178432289231694e+01
2.498064827801153172e+02 1.186270843073087100e+01 1.576122798815645965e+01
2.498024466261493046e+02 1.190578151784322891e+01 1.594714040829047796e+01
2.498229234844943107e+02 1.195910861773414346e+01 1.572306373694872939e+01
2.499547607916471748e+02 1.195779959482624299e+01 1.562134954028362088e+01
2.500948729936107213e+02 1.185971637836995463e+01 1.520190119993766587e+01
2.502113292815957664e+02 1.189082125603864704e+01 1.473506311360448784e+01
2.502721209287829254e+02 1.176704067321178115e+01 1.425066230325697347e+01
2.502899174068879518e+02 1.167737260402057053e+01 1.438832787907121791e+01
2.502701573944210622e+02 1.262504285491662692e+01 1.497799594826242853e+01
2.502673055945145677e+02 1.265142589995324940e+01 1.527603241390057676e+01
2.502361383824217000e+02 1.261567710768271766e+01 1.525441795231416542e+01
2.502775751908991708e+02 1.266841203054386789e+01 1.505384135889044650e+01
2.504062490260246250e+02 1.249432756739909678e+01 1.434961820165186275e+01
2.504764064204456986e+02 1.232215988779803695e+01 1.363842917251051823e+01
2.505558048932522865e+02 1.224140564126538955e+01 1.312505843852267340e+01
2.505789465482312721e+02 1.220292971793672976e+01 1.314712482468443255e+01
2.505501636278634976e+02 1.315761259155368634e+01 1.372725572697522267e+01
2.505095527505064581e+02 1.419800529842605563e+01 1.488298270219728892e+01
2.503807698301386893e+02 1.523151005142590009e+01 1.638680068567866499e+01
2.503113292815957607e+02 1.533813308399563624e+01 1.675689574567554985e+01
2.502997194950911535e+02 1.529487299361072239e+01 1.663528128408913886e+01
2.503270687237026664e+02 1.518595917095215775e+01 1.614765466729000920e+01
2.504358422939068021e+02 1.521463300607760694e+01 1.587385070905407503e+01
2.504270843073087178e+02 1.516448496182016470e+01 1.567302477793361426e+01
2.504976780426990786e+02 1.522937509739753814e+01 1.573177497272869019e+01
2.504796789777154515e+02 1.539573009194327646e+01 1.613350475299984410e+01
2.503659654043945864e+02 1.541461742247155975e+01 1.680278946548231289e+01
2.503054386785101997e+02 1.551589527816736869e+01 1.751246688483715275e+01
2.503247623500078021e+02 1.579848839021349605e+01 1.769183419043166694e+01
2.503593579554308803e+02 1.574651706404862139e+01 1.736395511921458734e+01
2.504387564282374967e+02 1.559527816736792971e+01 1.695485429328346427e+01
2.504894498987065674e+02 1.549286270843073154e+01 1.625928003740065364e+01
2.505519401589527888e+02 1.532159887798036380e+01 1.565999688327879014e+01
2.505955898394888663e+02 1.528546049555867192e+01 1.548503973819541812e+01
2.505575814243416062e+02 1.545409069658719048e+01 1.603601371357332184e+01
2.504820476858345160e+02 1.579401589527816796e+01 1.711218637992831404e+01
2.504013401901199813e+02 1.582036777310269571e+01 1.780712170796322269e+01
2.503745987221442988e+02 1.597162225338943387e+01 1.795427769985974820e+01
2.504107526881720389e+02 1.589294062646096251e+01 1.788327879071217197e+01
2.504487455197132704e+02 1.582901667445846883e+01 1.742152095995013283e+01
2.504765934237182421e+02 1.562858033348916997e+01 1.706593423718248559e+01
2.504901823281907411e+02 1.569036933146329993e+01 1.695611656537322887e+01
2.504874707807386756e+02 1.576543556178899763e+01 1.707321178120617233e+01
2.504948574100046699e+02 1.570462833099579214e+01 1.724927536231884062e+01
2.503854916627707610e+02 1.571351098644226241e+01 1.811025401277855806e+01
2.502277076515505598e+02 1.596403303724481759e+01 1.873995636590306901e+01
2.502065139473274087e+02 1.588828112825307848e+01 1.887526881720430083e+01
2.502348137759077531e+02 1.568940314788842194e+01 1.832901667445846883e+01
2.502678198535141121e+02 1.535496337852579174e+01 1.748656693158796926e+01
2.503352812840891488e+02 1.529777154433535991e+01 1.695633473585787598e+01
2.503966183574879096e+02 1.517986598098800144e+01 1.678767336761726625e+01
2.504293750973975250e+02 1.518896680691912060e+01 1.683032569736636930e+01
2.504285803334891796e+02 1.552334424185756667e+01 1.695645940470624780e+01
2.503481533426835028e+02 1.554156147732585325e+01 1.738274894810659177e+01
2.502574100046750800e+02 1.550467508181393228e+01 1.783814866760168272e+01
2.501877824528595795e+02 1.553520336605890684e+01 1.789421848215677002e+01
2.502541062801932412e+02 1.560028050490883622e+01 1.782013401901199856e+01
2.503337852579086871e+02 1.536457846345644462e+01 1.748263986286426785e+01
2.503974910394265123e+02 1.536143057503506348e+01 1.712954651706404974e+01
2.504232819074333918e+02 1.525608539816113485e+01 1.674117188717469062e+01
2.504313853825775311e+02 1.492953093345800220e+01 1.656284868318529035e+01
2.503356708742402930e+02 1.502692847124824738e+01 1.680109085242325051e+01
2.502843852267414775e+02 1.515625681782764467e+01 1.715359202119370252e+01
2.502305282842449685e+02 1.510551659654043988e+01 1.730266479663394108e+01
2.501873616954963495e+02 1.510920991117344592e+01 1.724726507713884871e+01
2.503110020258687882e+02 1.496216300451924575e+01 1.688452547919588653e+01
2.503854449119526180e+02 1.481799906498363661e+01 1.616295776842761356e+01
2.504722611812373430e+02 1.481388499298737749e+01 1.561175003895901447e+01
2.505178899797413123e+02 1.473280349072775408e+01 1.517974131213962963e+01
2.505568489948574040e+02 1.479964157706093175e+01 1.516626149290945946e+01
2.504637525323359739e+02 1.487297802711547412e+01 1.560568801620695112e+01
2.503806451612903174e+02 1.499160043634096873e+01 1.641838865513479817e+01
2.503289387564282436e+02 1.509280037400654528e+01 1.723663705781518019e+01
2.503034595605423078e+02 1.505649057191834217e+01 1.742309490416082340e+01
2.502940626460963074e+02 1.496833411251363621e+01 1.694318217235468182e+01
2.503425120772946855e+02 1.469959482624279268e+01 1.639833255415303270e+01
2.503925977871279542e+02 1.476615240766713377e+01 1.595021037868162672e+01
2.504506311360448763e+02 1.453185289075892150e+01 1.553009194327567322e+01
2.504519401589527945e+02 1.448324762350007866e+01 1.528494623655913998e+01
2.504664952470001538e+02 1.450113760324138923e+01 1.538479040049867486e+01
2.504105656848994954e+02 1.456166432912575992e+01 1.568496182016518681e+01
2.504016518622409251e+02 1.454344709365747157e+01 1.573143213339566771e+01
2.503828424497428671e+02 1.444612747389746055e+01 1.564234065762817494e+01
2.504406887953872456e+02 1.439961040984883844e+01 1.532669471715755094e+01
2.504454729624435174e+02 1.431573944210690286e+01 1.489250428549166294e+01
2.504837618824996071e+02 1.422201963534361902e+01 1.444724949353280330e+01
2.504890135577372519e+02 1.419454573788374674e+01 1.425250116877045414e+01
2.504759544958703543e+02 1.396560698145550816e+01 1.438870188561633157e+01
2.503638772011843514e+02 1.397785569580801024e+01 1.498402680380240071e+01
2.502316191366682290e+02 1.416839644693782141e+01 1.576612124045504082e+01
2.500211313697989794e+02 1.418959015116097788e+01 1.665153498519557473e+01
2.499345176873928551e+02 1.439904940003116707e+01 1.691207729468598941e+01
2.500238896680691880e+02 1.422575970079476448e+01 1.677732585320243075e+01
2.502422939068100334e+02 1.402150537634408600e+01 1.573200872681938556e+01
2.503614305750350582e+02 1.306339410939691525e+01 1.403623188405797073e+01
2.504340034283933392e+02 1.291591086177341374e+01 1.324559763129188106e+01
2.504522206638616240e+02 1.288719027582982690e+01 1.314475611656537346e+01
2.503939691444600157e+02 1.303989403147888382e+01 1.387865045971637912e+01
2.502072931276297254e+02 1.317681159420289916e+01 1.505479195885927979e+01
2.499932367149758363e+02 1.428147109241078461e+01 1.667411563035686584e+01
2.498278634876110402e+02 1.444391460183886622e+01 1.711386940938132994e+01
2.498467664017453558e+02 1.428697210534517659e+01 1.726411095527505069e+01
2.499511298114383635e+02 1.414657939847280588e+01 1.663947327411563037e+01
2.500920211937042268e+02 1.290430107526881720e+01 1.533230481533426826e+01
2.501592956210066916e+02 1.209354838709677438e+01 1.443177497272868948e+01
2.501944522362474572e+02 1.193881876266167907e+01 1.455005454262116338e+01
2.501169237961664464e+02 1.207258843696431327e+01 1.492621162537010981e+01
2.499694872993610772e+02 1.218647342995169147e+01 1.565474520804114000e+01
2.498065139473274030e+02 1.233764999220819725e+01 1.633043478260869463e+01
2.498297335203366174e+02 1.243962911017609407e+01 1.660068567866604283e+01
2.499191055010129219e+02 1.247392862708430705e+01 1.621726663549945613e+01
2.500960417640642106e+02 1.242671030076359706e+01 1.583244506778868654e+01
2.502215053763440835e+02 1.234181081502259580e+01 1.515279725728533577e+01
2.502859124201340251e+02 1.217316503038803255e+01 1.448109708586566846e+01
2.503041608228143957e+02 1.207687392862708364e+01 1.433952002493376909e+01
2.502536699392239257e+02 1.220914757674925966e+01 1.479717936730559380e+01
2.501275206482780220e+02 1.242725572697522196e+01 1.554045504129655519e+01
2.500906810035842227e+02 1.245568022440392753e+01 1.604121863799283076e+01
2.500875486987688987e+02 1.240260246220975482e+01 1.599523141654978886e+01
2.501292660121551990e+02 1.233602929717936725e+01 1.551371357332086731e+01
2.503026336294218481e+02 1.223174380551659723e+01 1.468695652173913047e+01
2.504455664640797750e+02 1.216538881097085856e+01 1.378357487922705360e+01
2.504490883590462715e+02 1.201019167835437074e+01 1.365052205080255554e+01
2.504483559295620978e+02 1.211407199625993414e+01 1.379594826242792571e+01
2.504487299361072132e+02 1.210193236714975917e+01 1.416010596852111547e+01
2.503398628642667916e+02 1.315343618513323953e+01 1.528038023998753303e+01
2.502744428860838468e+02 1.408296711859124173e+01 1.613937977247935152e+01
2.502708119058750071e+02 1.411137603241390082e+01 1.628446314477169921e+01
2.503264609630668645e+02 1.392720897615708253e+01 1.549130434782608745e+01
2.504771544335359295e+02 1.393638772011843585e+01 1.461544335359202051e+01
2.505007168458781450e+02 1.392981143836683877e+01 1.410744896369019763e+01
2.505559763129188013e+02 1.385868786037088896e+01 1.406792893875642747e+01
2.505876577840112134e+02 1.381938600592176947e+01 1.417464547296244426e+01
2.505258999532491941e+02 1.402392083528128452e+01 1.466071372915692628e+01
2.505321022284556705e+02 1.508048932522985908e+01 1.551732896992364097e+01
2.504838553841358930e+02 1.636199158485273486e+01 1.618298270219728963e+01
2.504896057347670251e+02 1.639515349851955861e+01 1.604606513947327429e+01
2.505818918497740242e+02 1.629875331151628615e+01 1.567745052205080292e+01
2.506222533894343201e+02 1.621338631759389060e+01 1.516538881097085856e+01
2.506845410628019408e+02 1.607053140096618193e+01 1.468214118747077990e+01
2.506921926133707359e+02 1.605088047374162485e+01 1.477528440081034766e+01
2.506624902602462157e+02 1.622328190743338183e+01 1.490618669160043552e+01
2.505942340657628051e+02 1.635663082437276117e+01 1.539117967897771599e+01
2.504917095215832887e+02 1.756604332242480737e+01 1.670208820321022358e+01
2.503926445379460688e+02 1.752488701885616251e+01 1.739331463300607794e+01
2.504088982390525189e+02 1.760102851799906531e+01 1.750983325541530178e+01
2.505128720585943540e+02 1.766460963066853651e+01 1.723687081190587378e+01
2.506228299828580361e+02 1.751145395044413178e+01 1.649269128876422030e+01
2.506757363253856852e+02 1.736016830294530067e+01 1.610821256038647320e+01
2.506505376344086073e+02 1.632744273024777826e+01 1.552370266479663385e+01
2.507017765310893083e+02 1.622524544179523076e+01 1.541533426834969589e+01
2.506419199002649236e+02 1.627411563035686370e+01 1.572019635343618482e+01
2.506126227208976047e+02 1.627391304347825951e+01 1.622063269440548439e+01
2.506117188717469162e+02 1.618401122019635352e+01 1.664109396914446037e+01
2.505394888577216648e+02 1.740487766869253505e+01 1.721534985195574308e+01
2.505425120772946741e+02 1.740313230481533324e+01 1.696931587969456245e+01
2.506028206326944030e+02 1.747863487611033051e+01 1.652044569113292738e+01
2.506337852579086700e+02 1.736083839800529915e+01 1.611249805204924357e+01
2.506805516596540429e+02 1.724004986753934787e+01 1.564163939535608527e+01
2.506958547607916330e+02 1.726753934860526840e+01 1.547196509272245635e+01
2.506823905251675342e+02 1.730052984260557736e+01 1.555741000467508250e+01
2.506223468910706060e+02 1.738675393486052556e+01 1.584488078541374456e+01
2.506025868786037165e+02 1.743437743493844394e+01 1.594860526725884320e+01
2.506042699080567218e+02 1.724252766090073408e+01 1.584095371669004138e+01
2.506528440081034717e+02 1.728100358422939209e+01 1.570297646875486919e+01
2.505930652953093443e+02 1.734495870344397517e+01 1.528198535141031655e+01
2.506776219417173195e+02 1.726423562412342250e+01 1.480277388187626642e+01
2.507111266947171657e+02 1.731728221910550047e+01 1.444947794919744410e+01
2.507094748324762463e+02 1.724712482468443042e+01 1.448511765622565051e+01
2.506701262272089821e+02 1.723470469066542066e+01 1.470388031790556305e+01
2.506515194015895247e+02 1.835025712949976651e+01 1.562773881876266202e+01
2.506509739753778945e+02 1.839404706249025878e+01 1.622586878603708982e+01
2.506313386317593768e+02 1.840218170484650173e+01 1.681483559295621077e+01
2.506196197600124549e+02 1.843338008415147300e+01 1.717947639083683953e+01
2.506491974442886033e+02 1.824944678198535186e+01 1.697187159108617749e+01
2.506884213807074957e+02 1.832999844163939684e+01 1.625962287673367612e+01
2.507263207106124412e+02 1.831023842917251088e+01 1.558924731182795753e+01
2.507897304036154082e+02 1.832861150070126399e+01 1.521778089449898630e+01
2.507843852267414775e+02 1.825437120149602777e+01 1.516094748324762342e+01
2.507546828736169573e+02 1.819703911485117587e+01 1.547226118123733762e+01
2.507001870032725606e+02 1.830349072775440078e+01 1.620492441951067519e+01
2.505536076047997369e+02 1.828566308243727434e+01 1.697279102384291605e+01
2.505145706716534164e+02 1.830973975377902363e+01 1.745586722767648524e+01
2.505302477793361504e+02 1.829738195418419977e+01 1.680179211469534195e+01
2.505862552594670376e+02 1.826855228299828582e+01 1.603571762505843878e+01
2.506702664796633826e+02 1.827615708274894857e+01 1.512730247779336068e+01
2.507068256194483524e+02 1.821707963222689841e+01 1.458282686613682344e+01
2.507334424185756632e+02 1.708782920367773173e+01 1.423141654978962123e+01
2.507189496649524756e+02 1.709155368552282894e+01 1.437283777466105583e+01
2.507243415926445493e+02 1.814478728377746464e+01 1.512223780582826826e+01
2.506824684431977630e+02 1.963553062178588249e+01 1.605134798192301560e+01
2.506994545737883868e+02 1.952526102540127795e+01 1.606820944366526405e+01
2.507277232351566170e+02 1.949317438055166107e+01 1.571874707807386606e+01
2.507395823593579678e+02 1.948240610877357071e+01 1.524319775596072901e+01
2.507603397226118034e+02 1.934040829047841825e+01 1.472014960261804539e+01
2.508057971014492864e+02 1.940537634408602230e+01 1.439471715755025727e+01
2.507903693314632960e+02 1.935761259155368563e+01 1.408352812840891310e+01
2.507847436496805358e+02 1.936308243727598466e+01 1.389812996727442673e+01
2.507999376655758113e+02 1.947078073866292769e+01 1.408482156771076887e+01
2.508016674458469595e+02 1.945929562100669941e+01 1.400042075736325309e+01
2.507580800997350821e+02 1.940210378681626935e+01 1.423810191678354364e+01
2.507542309490416130e+02 1.945566464079788105e+01 1.421444600280504922e+01
2.507929717936730469e+02 1.928871746922237662e+01 1.406786660433224334e+01
2.507916160199470141e+02 1.930709054075112974e+01 1.390729312762973358e+01
2.508063113604488024e+02 1.938862396758609918e+01 1.342138070749571455e+01
2.508530465949820893e+02 1.941157861929250572e+01 1.263219573009194363e+01
2.508957300919432782e+02 1.958240610877356858e+01 1.184090696587190195e+01
2.509247935172198822e+02 1.950439457690509570e+01 1.169950132460651382e+01
2.509028673835125574e+02 1.946099423406576179e+01 1.191707963222689770e+01
2.508222066386161657e+02 2.114863643447093722e+01 1.315560230637369443e+01
2.507662614929094502e+02 2.098558516440704480e+01 1.402844008103475204e+01
2.507047218326320603e+02 2.102561944834034691e+01 1.486021505376344010e+01
2.507321801464858879e+02 2.108720585943587267e+01 1.520369331463300533e+01
2.507257597007947538e+02 2.112582203521894897e+01 1.454964936886395499e+01
2.507870656069814572e+02 2.137950755804893177e+01 1.306752376499922086e+01
2.509401277855695866e+02 2.162547919588592649e+01 1.191949509116409622e+01
2.508999220819697769e+02 2.170272713105812556e+01 1.127290010908524209e+01
2.508881252921926261e+02 2.170347514414835643e+01 1.118608383980052956e+01
2.508881720430107407e+02 2.161175003895901625e+01 1.189457690509583898e+01
2.508533894343150905e+02 2.160109085242325122e+01 1.243266323827333686e+01
2.508649680536076119e+02 2.170204145239208415e+01 1.286210067009506020e+01
2.508780738662926524e+02 2.160042075736325273e+01 1.297335203366058920e+01
2.508471248246844425e+02 2.157361695496337717e+01 1.296094748324762413e+01
2.508817204301075208e+02 2.166881720430107450e+01 1.259420289855072461e+01
2.508189808321645557e+02 2.180109085242325051e+01 1.220802555711391690e+01
2.508891538101916865e+02 2.188352812840891559e+01 1.195538413588904447e+01
2.509038803179055606e+02 2.201549010441016208e+01 1.200565684899485674e+01
2.508280037400654408e+02 2.205206482780115351e+01 1.206830294530154291e+01
2.508549945457378954e+02 2.197874396135265584e+01 1.244201340190119964e+01
2.507995480754246671e+02 2.211977559607293031e+01 1.284902602462209842e+01
2.507577216767960238e+02 2.198731494467820013e+01 1.317216767960105983e+01
2.507170172978026983e+02 2.170412965560230489e+01 1.326065139473274179e+01
2.507580333489169391e+02 2.159708586566931743e+01 1.331307464547296249e+01
2.507944366526414228e+02 2.201891849774037624e+01 1.302337540906965785e+01
2.508034439769362507e+02 2.201145395044413178e+01 1.289322113136979908e+01
2.508434782608695741e+02 2.196378369954807397e+01 1.297495714508337272e+01
2.508037244818451086e+02 2.193063736948730025e+01 1.345698924731182800e+01
2.506867695184665763e+02 2.201103319308088047e+01 1.430176094748324722e+01
2.506176406420445630e+02 2.195767492597787296e+01 1.525150381798348143e+01
2.506049711703288096e+02 2.179691444600280548e+01 1.585416861461742322e+01
2.506521271622253266e+02 2.167137291569268953e+01 1.614227832320398903e+01
2.506947639083684010e+02 2.159457690509583827e+01 1.604022128720585982e+01
2.507273180613994157e+02 1.987774661056568348e+01 1.529303412809724172e+01
2.506882499610409809e+02 1.838759544958703529e+01 1.434025245441795171e+01
2.506987844787283848e+02 1.845251675237649991e+01 1.425058438522674109e+01
2.507338008415147215e+02 1.848207885304659470e+01 1.463392551036309719e+01
2.506184665731650227e+02 1.847386629266012292e+01 1.517305594514570721e+01
2.506024310425432304e+02 1.834894810659186604e+01 1.564528595917095188e+01
2.506349540283621593e+02 1.841455508804737562e+01 1.590070126227209002e+01
2.507037712326632288e+02 1.843772791023842927e+01 1.596889512233130759e+01
2.507286582515193913e+02 1.841994701573944226e+01 1.553191522518310741e+01
2.507433847592332938e+02 1.845039738195418266e+01 1.480807230793205598e+01
2.507623811750038954e+02 1.851929250428549167e+01 1.434068879538725305e+01
2.507711703288140939e+02 1.851545893719806912e+01 1.431813931743805490e+01
2.507421536543556044e+02 1.871463300607760516e+01 1.472688172043010724e+01
2.506962131837307197e+02 1.874251207729468760e+01 1.533528128408913815e+01
2.505937977247935180e+02 1.887899329904940160e+01 1.617626616799127248e+01
2.504799438990182239e+02 1.888251519401589462e+01 1.716068256194483510e+01
2.503995480754246614e+02 1.887673367617266607e+01 1.752879850397382100e+01
2.503857565840735617e+02 1.766476546672900128e+01 1.698846813152563584e+01
2.504292036777310386e+02 1.785463612279881573e+01 1.648553841358890537e+01
2.504646096306685479e+02 1.786916004363409627e+01 1.580663861617578370e+01
2.504438522674146839e+02 1.759569892473118102e+01 1.553400342839332993e+01
2.504209599501324703e+02 1.639035374785725452e+01 1.514015895278167356e+01
2.504382889200560953e+02 1.657489481065918824e+01 1.571386940938133137e+01
2.503510051425899974e+02 1.634176406420445815e+01 1.651765622565061520e+01
2.502499298737727997e+02 1.640487766869253505e+01 1.711985351410316269e+01
2.501486676016830302e+02 1.644273024777933756e+01 1.716133707339878356e+01
2.501316658874863776e+02 1.642900109085242377e+01 1.715650615552439007e+01
2.501081502259622766e+02 1.634431977559607319e+01 1.701760947483247577e+01
2.501178120617110778e+02 1.632346891070593742e+01 1.652932834657939765e+01
2.501809880006233584e+02 1.626543556178899763e+01 1.605284400810347378e+01
2.501817204301075321e+02 1.508930964625214344e+01 1.530316347202742655e+01
2.502352501168770402e+02 1.503205547763752570e+01 1.508916939379772515e+01
2.502476079164718783e+02 1.507847904004986717e+01 1.495906186691600404e+01
2.501808009973507865e+02 1.509114851176562233e+01 1.504232507402212882e+01
2.501881097085865804e+02 1.496005921770297675e+01 1.505109864422627375e+01
2.501977247935172102e+02 1.519847280660744815e+01 1.505865669315879707e+01
2.502734299516908152e+02 1.509529375097397619e+01 1.475720741779647760e+01
2.502276141499143023e+02 1.494933769674302582e+01 1.490392706872370354e+01
2.502016362786348793e+02 1.499329904940003111e+01 1.499708586566931601e+01
2.501032102228455756e+02 1.500459716378369990e+01 1.526771076827177787e+01
2.501171731338631901e+02 1.508661368240610834e+01 1.553911485117656177e+01
2.501070437899329875e+02 1.504548854604955643e+01 1.544922861150070048e+01
2.502113604488078522e+02 1.514273024777933685e+01 1.529560542309490501e+01
2.502636122798815563e+02 1.385993454885460530e+01 1.451838865513479782e+01
2.502623188405797237e+02 1.377422471559918904e+01 1.413475144148355866e+01
2.502391148511765664e+02 1.385541530310113778e+01 1.418125292192613429e+01
2.502006389278479048e+02 1.389477949197444318e+01 1.427618824996104152e+01
2.501641732896992494e+02 1.380648278011531893e+01 1.449297179367305510e+01
2.500211937042231511e+02 1.373733832008726807e+01 1.478139317438055222e+01
2.499208508648901272e+02 1.366970546984572188e+01 1.486110331930808748e+01
2.499622253389434263e+02 1.356610565684899505e+01 1.466970546984572188e+01
2.500738662926601137e+02 1.353637213651238902e+01 1.414380551659654017e+01
2.501354059529375036e+02 1.356474988312295515e+01 1.379693002960885195e+01
2.501457690509583927e+02 1.248653576437587631e+01 1.321820165186224116e+01
2.501207106124357153e+02 1.237355462053919197e+01 1.324541062801932334e+01
2.501234533270998952e+02 1.243563970702820676e+01 1.341475767492597804e+01
2.501274583138538219e+02 1.259510674770141847e+01 1.368757986598098775e+01
2.501255103630980159e+02 1.261503817983481390e+01 1.398214118747078061e+01
2.500753934860526613e+02 1.268948106591865432e+01 1.412317282219105508e+01
2.501091943275673941e+02 1.254012778556958096e+01 1.407294685990338223e+01
2.501676484338476030e+02 1.246143057503506313e+01 1.379043166588748548e+01
2.502589060308555418e+02 1.254604955586722781e+01 1.313967586099423457e+01
2.503202898550724740e+02 1.246024622097553447e+01 1.278535141031634659e+01
2.503993610721520895e+02 1.237305594514570650e+01 1.248616175783076265e+01
2.503935016362786428e+02 1.256021505376344116e+01 1.243908368396446917e+01
2.503069191210846327e+02 1.255307776219417093e+01 1.288239052516752459e+01
2.502687548698768865e+02 1.247545582047685819e+01 1.334718715910861775e+01
2.502110643602929656e+02 1.239932990494000364e+01 1.353278790712170832e+01
2.502249805204924371e+02 1.233425276609007248e+01 1.320215053763440949e+01
2.502636434470936706e+02 1.223549945457378918e+01 1.290038959015116049e+01
2.503425588281128285e+02 1.237668692535452664e+01 1.238522674146797620e+01
2.504261804581580293e+02 1.242418575658407320e+01 1.221435250116877036e+01
2.503540439457690638e+02 1.230542309490416031e+01 1.254168614617422506e+01
2.503170640486208640e+02 1.225602306373694894e+01 1.289135109864422546e+01
2.501931743805516533e+02 1.229596384603397219e+01 1.354999220819697747e+01
2.499111890291413545e+02 1.231126694717157477e+01 1.451901199937665510e+01
2.497753779024466212e+02 1.245684899485740971e+01 1.532965560230637436e+01
2.496229390681003508e+02 1.250112201963534275e+01 1.590372448184509935e+01
2.497692223780582879e+02 1.232865825151940165e+01 1.534112513635655262e+01
2.499108617734143820e+02 1.227243260090384958e+01 1.446023063736948799e+01
2.500661212404550326e+02 1.216735234533270926e+01 1.359802088203210246e+01
2.502025712949976537e+02 1.214433535920211860e+01 1.293554620539192790e+01
2.502768895122331401e+02 1.218692535452703751e+01 1.279621318373071581e+01
2.502275206482780163e+02 1.220218170484650066e+01 1.296386161757830813e+01
2.500969456132148991e+02 1.223323983169705542e+01 1.333997194950911691e+01
2.500784167056256706e+02 1.224801309022907958e+01 1.354784167056256905e+01
2.501146330060776108e+02 1.213849150693470413e+01 1.345597631291880880e+01
2.501906810035842170e+02 1.222901667445846918e+01 1.307575190899174089e+01
2.502319931432133444e+02 1.219823905251675278e+01 1.292046127473897421e+01
2.502697522206638610e+02 1.236150849306529587e+01 1.261140719962599377e+01
2.502853825775284520e+02 1.212722455976313007e+01 1.280029608851488199e+01
2.502895278167367792e+02 1.219188094124980459e+01 1.298694093813308470e+01
2.501297958547608005e+02 1.215942028985507228e+01 1.329216144615864081e+01
2.500640018700327118e+02 1.210791647187159192e+01 1.361991584852734860e+01
2.501262427925821896e+02 1.215463612279881644e+01 1.363409693002960843e+01
2.501357955430886761e+02 1.216350319463924023e+01 1.347145083372292262e+01
2.501860838398005171e+02 1.228022440392706827e+01 1.336217858812529258e+01
2.502122798815645979e+02 1.227478572541686219e+01 1.323906810035842341e+01
2.502098800062334476e+02 1.224478728377746606e+01 1.325870344397693579e+01
2.501998441639395310e+02 1.238902914134330757e+01 1.363574879227053138e+01
2.501110487766869142e+02 1.246392395200249403e+01 1.432163004519245675e+01
2.499296400187003258e+02 1.251513168147109312e+01 1.513278790712170796e+01
2.497957768427614269e+02 1.259088359046283223e+01 1.569942340657628144e+01
2.497174224715599280e+02 1.265440236870811930e+01 1.589295621006700898e+01
2.497232663238273460e+02 1.271083060620227556e+01 1.586654199781829533e+01
2.498207729468599041e+02 1.267525323359825506e+01 1.546348761103319269e+01
2.498667601683029318e+02 1.266504597163783785e+01 1.520278946548231325e+01
2.499088047374162329e+02 1.158913822658563220e+01 1.461522518310737162e+01
2.499459248870188617e+02 1.165466729001090940e+01 1.449943899018232862e+01
2.499510518934081347e+02 1.168705002337540932e+01 1.481812373383200843e+01
2.498823749415614657e+02 1.178748636434470853e+01 1.519865980988000587e+01
2.498866760168303074e+02 1.197520648278011457e+01 1.545474520804114071e+01
2.498832787907121826e+02 1.197406887953872534e+01 1.547508181393174453e+01
2.500573632538569484e+02 1.192435717625058444e+01 1.520509583917718643e+01
2.501275518154901079e+02 1.192099111734455441e+01 1.505745675549322193e+01
2.502006545114539620e+02 1.186308243727598644e+01 1.487702976468754912e+01
2.501900264921302721e+02 1.186398628642667852e+01 1.505494779491974455e+01
2.502142901667445756e+02 1.183923952002493429e+01 1.518974598722144265e+01
2.501650459716378236e+02 1.194195106747701374e+01 1.537381954184198207e+01
2.501684899485740914e+02 1.191064360292971713e+01 1.533783699548075496e+01
2.502445379460807260e+02 1.283909926757051601e+01 1.552809724170172956e+01
2.503113292815957607e+02 1.274916627707651529e+01 1.523546828736169623e+01
2.502779491974442863e+02 1.282426367461430594e+01 1.501190587501947959e+01
2.502481065918653655e+02 1.268701885616331637e+01 1.498542932834658004e+01
2.501550412965560213e+02 1.268212560386473342e+01 1.509241078385538337e+01
2.500686925354526977e+02 1.359697678042699032e+01 1.595379460807230743e+01
2.499857721676796132e+02 1.358438522674146753e+01 1.637880629577684388e+01
2.498945924887018748e+02 1.359437431821723585e+01 1.673649680536076190e+01
2.499224871435250179e+02 1.374126538881097126e+01 1.659308087891538008e+01
2.499594826242792465e+02 1.354754558204768600e+01 1.650221287205859610e+01
2.500005454262116302e+02 1.366975222066386131e+01 1.621366682250272717e+01
2.500903225806451644e+02 1.371301231104877694e+01 1.601128253077762054e+01
2.501375409069658815e+02 1.368556958080099761e+01 1.613214897927380420e+01
2.500602150537634429e+02 1.367988156459404792e+01 1.625899953249181706e+01
2.499518934081346515e+02 1.363171263830450286e+01 1.655638148667601683e+01
2.498957924263674499e+02 1.369058750194795060e+01 1.664360292971793598e+01
2.499086177341436894e+02 1.364586255259466974e+01 1.701893408134642272e+01
2.498538413588904348e+02 1.379205236091631548e+01 1.719189652485585285e+01
2.498723702664796633e+02 1.378965248558516521e+01 1.721617578307620278e+01
2.499211313697989851e+02 1.344009661835748837e+01 1.687556490571918388e+01
2.499816269284712575e+02 1.376984572230013981e+01 1.660437899329905065e+01
2.500330060776063590e+02 1.364528595917095188e+01 1.638348137759077616e+01
2.500741779647810574e+02 1.359959482624279303e+01 1.657997506623032535e+01
2.499971170328814196e+02 1.351159420289855007e+01 1.694935328034907229e+01
2.499839488857721790e+02 1.361357332086644867e+01 1.715396602773881796e+01
2.500324450677887000e+02 1.352541686146174271e+01 1.698938756428237440e+01
2.500908680068567946e+02 1.336626149290945875e+01 1.680707495714508326e+01
2.501820321022284475e+02 1.344505220508025545e+01 1.632901667445846883e+01
2.501698145550880383e+02 1.347526881720430048e+01 1.624494311983793082e+01
2.501565373227364830e+02 1.355867227676484355e+01 1.630258687860370870e+01
2.502303256973663679e+02 1.359172510518934018e+01 1.606666666666666643e+01
2.502452547919588710e+02 1.342551036309802015e+01 1.609267570515817525e+01
2.502390836839644805e+02 1.336040205703599781e+01 1.639774037712326660e+01
2.502477014181081643e+02 1.336878603708898261e+01 1.655404394576905247e+01
2.501648745519713373e+02 1.338433847592332882e+01 1.659710144927536390e+01
2.501656381486675969e+02 1.347731026959638534e+01 1.660412965560230703e+01
2.501322268973040366e+02 1.355759700794763845e+01 1.683328658251519272e+01
2.501669160043634008e+02 1.347724793517219943e+01 1.670540751129811596e+01
2.502789465482312607e+02 1.332441951067477071e+01 1.642334424185756703e+01
2.503005921770297562e+02 1.341773414368084794e+01 1.615122331307464520e+01
2.502910394265232981e+02 1.335742558828112792e+01 1.618211002025868694e+01
2.503099267570515849e+02 1.341084618980832133e+01 1.593729156926912971e+01
2.503190119993766416e+02 1.333034128097241755e+01 1.596013713573320913e+01
2.503052828424497420e+02 1.334704690665419946e+01 1.582306373694873081e+01
2.503350319463924052e+02 1.342351566152407649e+01 1.574015895278167321e+01
2.503703599812996856e+02 1.334509895589839523e+01 1.584547296244350889e+01
2.503167523764999203e+02 1.326200716845878169e+01 1.613641888733052809e+01
2.502530933458002096e+02 1.428200093501636303e+01 1.688809412498051898e+01
2.502030855539971981e+02 1.469373539036933174e+01 1.726968988623967505e+01
2.501307776219417178e+02 1.461513168147109276e+01 1.760900732429484350e+01
2.501298581891849722e+02 1.438340345956054200e+01 1.768103475144148362e+01
2.501907433380084171e+02 1.440247779336138301e+01 1.710263362942184884e+01
2.502829982858033304e+02 1.435991896524855882e+01 1.640101293439301955e+01
2.503674614305750481e+02 1.430257129499766222e+01 1.592501168770453468e+01
2.504245130123110528e+02 1.429167835437120182e+01 1.582463768115941960e+01
2.503572697522206738e+02 1.418263986286426714e+01 1.632228455664640876e+01
2.502976624590930328e+02 1.421589527816736798e+01 1.695680224403927028e+01
2.501528907589216146e+02 1.441810815022596159e+01 1.765359202119370252e+01
2.500890447249493604e+02 1.440850864890135519e+01 1.848447872837774497e+01
2.500040517375720697e+02 1.449471715755025691e+01 1.879721053451768853e+01
2.500532959326788216e+02 1.452695963846034033e+01 1.862223780582827004e+01
2.501535608539816167e+02 1.447654667290010977e+01 1.795703599812996742e+01
2.502480286738351367e+02 1.426783543712014968e+01 1.714439769362630628e+01
2.503569580800997301e+02 1.414004986753934823e+01 1.637403771232663274e+01
2.504651550568801497e+02 1.393832008726819360e+01 1.577570515817360075e+01
2.504774193548387018e+02 1.397218326320710524e+01 1.544957145083372296e+01
2.504868941873149311e+02 1.401826398628642600e+01 1.528120617110799451e+01
2.504747545582047792e+02 1.410590618669160001e+01 1.536565373227364795e+01
2.504796789777154515e+02 1.404520804114071986e+01 1.549431198379305030e+01
2.505249337696743055e+02 1.404908835904628361e+01 1.532437275985663128e+01
2.505222378058282686e+02 1.396043322424809041e+01 1.507227676484338552e+01
2.505854293283465779e+02 1.397801153186847500e+01 1.446277076515505655e+01
2.506379928315412258e+02 1.395179990649836377e+01 1.392071061243571783e+01
2.506775440236870907e+02 1.382566619915848527e+01 1.367964781050335077e+01
2.506044413277232366e+02 1.384790400498675389e+01 1.362700638927847940e+01
2.506108306062022848e+02 1.395653732273648195e+01 1.398243727598566366e+01
2.505371045659965716e+02 1.506989247311827995e+01 1.495669315879694494e+01
2.504484182639862979e+02 1.504051737572074110e+01 1.559156926912887720e+01
2.503718715910861761e+02 1.507489481065918646e+01 1.604494311983793153e+01
2.503834969611968120e+02 1.500531400966183604e+01 1.591542776998597475e+01
